1,
2,
3,
4,
5,
6,
7,
8,
9,
10,
11,
12,
13,
14,
15,
16,
17,
18,
19,
20,
21,
22,
23,
24,
25,
26,
27,
28,
29,
30,
31,
32,
33,
34,
35,
36,
37,
38,
39,
40,
41,
42,
43,
44,
45,
46,
47,
48,
49,
50,
51,
52,
53,
54,
55,
56,
57,
58,
59,
60,
61,
62,
63,
64,
65,
66,
67,
68,
69,
70,
71,
72,
73,
74,
75,
76,
77,
78,
79,
80,
81,
82,
83,
84,
85,
86,
87,
88,
89,
90,
91,
92,
93,
94,
95,
96,
97,
98,
99,
100,
101,
102,
103,
104,
105,
106,
107,
108,
109,
110,
111,
112,
113,
114,
115,
116,
117,
118,
119,
120,
121,
122,
123,
124,
125,
126,
127,
128,
129,
130,
131,
132,
133,
134,
135,
136,
137,
138,
139,
140,
141,
142,
143,
144,
145,
146,
147,
148,
149,
150,
151,
152,
153,
154,
155,
156,
157,
158,
159,
160,
161,
162,
163,
164,
165,
166,
167,
168,
169,
170,
171,
172,
173,
174,
175,
176,
177,
178,
179,
180,
181,
182,
183,
184,
185,
186,
187,
188,
189,
190,
191,
192,
193,
194,
195,
196,
197,
198,
199,
200,
201,
202,
203,
204,
205,
206,
207,
208,
209,
210,
211,
212,
213,
214,
215,
216,
217,
218,
219,
220,
221,
222,
223,
224,
225,
226,
227,
228,
229,
230,
231,
232,
233,
234,
235,
236,
237,
238,
239,
240,
241,
242,
243,
244,
245,
246,
247,
248,
249,
250,
251,
252,
253,
254,
255,
256,
257,
258,
259,
260,
261,
262,
263,
264,
265,
266,
267,
268,
269,
270,
271,
272,
273,
274,
275,
276,
277,
278,
279,
280,
281,
282,
283,
284,
285,
286,
287,
288,
289,
290,
291,
292,
293,
294,
295,
296,
297,
298,
299,
300,
981,
982,
983,
1001,
1002,
1003,
1004,
1005,
1006,
1007,
1008,
1009,
1011,
1013,
1015,
1016,
1017,
1018,
1019,
1020,
1021,
1022,
1023,
1024,
1025,
1026,
1027,
1028,
1029,
1030,
1031,
1032,
1033,
1034,
1035,
1036,
1037,
1038,
1039,
1043,
1044,
1045,
1046,
1047,
1048,
1049,
1050,
1051,
1052,
1053,
1054,
1055,
1056,
1057,
1058,
1059,
1060,
1061,
1062,
1063,
1064,
1065,
1066,
1073,
1074,
1075,
1076,
1077,
1078,
1079,
1080,
1081,
1082,
1083,
1084,
1085,
1086,
1087,
1088,
1089,
1090,
1097,
1098,
1099,
1112,
1113,
1114,
1124,
1130,
1131,
1132,
1151,
1152,
1153,
1154,
1155,
1156,
1157,
1158,
1159,
1160,
1161,
1162,
1169,
1170,
1171,
1181,
1182,
1183,
1190,
1191,
1192,
1981,
1982,
1983,
2001,
2002,
2003,
2004,
2005,
2006,
2007,
2008,
2009,
2010,
2011,
2012,
2013,
2014,
2015,
2016,
2017,
2018,
2019,
2020,
2021,
2022,
2023,
2024,
2025,
2026,
2027,
2028,
2029,
2030,
2040,
2041,
2042,
2043,
2044,
2045,
2046,
2047,
2048,
2049,
2050,
2051,
2052,
2053,
2054,
2070,
2071,
2072,
2085,
2086,
2087,
2094,
2095,
2096,
2097,
2098,
2099,
2103,
2104,
2105,
2112,
2113,
2114,
2115,
2116,
2117,
2118,
2119,
2120,
2124,
2125,
2126,
2166,
2167,
2168,
2220,
2221,
2222,
2271,
2272,
2273,
2501,
2502,
2503,
2504,
2505,
2506,
2507,
2508,
2509,
2510,
2511,
2512,
2513,
2514,
2515,
2516,
2517,
2518,
2525,
2526,
2527,
2528,
2529,
2530,
2531,
2532,
2533,
2534,
2535,
2536,
2537,
2538,
2539,
2540,
2541,
2542,
2543,
2544,
2545,
2546,
2547,
2548,
2549,
2550,
2551,
2567,
2568,
2569,
2573,
2574,
2575,
2701,
2702,
2703,
2704,
2705,
2706,
2707,
2708,
2709,
2710,
2711,
2712,
2713,
2714,
2715,
2716,
2717,
2718,
2719,
2720,
2721,
2722,
2723,
2724,
2725,
2726,
2727,
2728,
2729,
2730,
2731,
2732,
2733,
2734,
2735,
2736,
2737,
2738,
2739,
2740,
2741,
2742,
2743,
2744,
2745,
2746,
2801,
2802,
2803,
2804,
2805,
2806,
2807,
2808,
2809,
2810,
2811,
2812,
2813,
2814,
2815,
2816,
2817,
2818,
2819,
2820,
2821,
2828,
2829,
2830,
2831,
2832,
2833,
2858,
2859,
2860,
2861,
2862,
2863,
2864,
2865,
2866,
2901,
2902,
2903,
2981,
2982,
2983,
2984,
2985,
2986,
2987,
2988,
2989,
2990,
2991,
3008,
3012,
3013,
3014,
3015,
3016,
3017,
3018,
3019,
3020,
3021,
3022,
3023,
3024,
3025,
3026,
3027,
3028,
3029,
3030,
3067,
3068,
3069,
3088,
3089,
3090,
3091,
3092,
3093,
3097,
3098,
3099,
3100,
3101,
3102,
3106,
3107,
3108,
3109,
3110,
3111,
3115,
3116,
3117,
3118,
3119,
3120,
3184,
3185,
3186,
3501,
3502,
3503,
3504,
3505,
3506,
3507,
3508,
3509,
3510,
3511,
3512,
3513,
3514,
3515,
3516,
3517,
3518,
3519,
3520,
3521,
3522,
3523,
3524,
3525,
3526,
3527,
3528,
3529,
3530,
3534,
3535,
3536,
3540,
3541,
3542,
3543,
3544,
3545,
3546,
3547,
3548,
3549,
3550,
3551,
3552,
3553,
3554,
3555,
3556,
3557,
3558,
3559,
3560,
3561,
3562,
3563,
3564,
3565,
3566,
3701,
3705,
3706,
3707,
3710,
3712,
3723,
3724,
3725,
3726,
3727,
3728,
3825,
3826,
3827,
3846,
3847,
3848,
3849,
3850,
3851,
3864,
3865,
3866,
3867,
3868,
3869,
3901,
3902,
3903,
3981,
3982,
3983,
3984,
3989,
3990,
3991,
4001,
4002,
4003,
4004,
4005,
4006,
4007,
4008,
4009,
4010,
4011,
4012,
4013,
4014,
4015,
4016,
4017,
4018,
4019,
4020,
4021,
4022,
4023,
4024,
4025,
4026,
4027,
4028,
4029,
4030,
4043,
4044,
4045,
4067,
4068,
4069,
4070,
4117,
4118,
4119,
4177,
4178,
4179,
5044,
5045,
5067,
5117,
5118,
5119,
5177,
5178,
5179,
8001,
8002,
8003,
8005,
9001,
9002,
9003,
9004,
9005,
9006,
1042,
1072,
1105,
1120,
1123,
1138,
1150,
1168,
1180,
1198,
2036,
2060,
2075,
2090,
2141,
2210,
2827,
2854,
3003,
3075,
3539,
3715,
3718,
3737,
3809,
3815,
3839,
4039,
4042,
4063,
4125,
5125,
1102,
1117,
1126,
1135,
1147,
1177,
1195,
2039,
2063,
2066,
2069,
2078,
2093,
2123,
2144,
2213,
2572,
2839,
2845,
2848,
2857,
3009,
3096,
3572,
3721,
3740,
3812,
3842,
4060,
4076,
4082,
1040,
1070,
1103,
1118,
1136,
1148,
1166,
1178,
1196,
2034,
2058,
2088,
2109,
2121,
2139,
2208,
2570,
2825,
2837,
2855,
3007,
3094,
3537,
3570,
3716,
3719,
3735,
3804,
3810,
3813,
3840,
4040,
4058,
4080,
4123,
5123,
1100,
1115,
1121,
1133,
1145,
1175,
1193,
2037,
2061,
2064,
2067,
2073,
2076,
2091,
2106,
2142,
2211,
2843,
2846,
2852,
3010,
3073,
3722,
3738,
3837,
4037,
4061,
4074,
1104,
1119,
1128,
1137,
1149,
1167,
1179,
1197,
2035,
2059,
2074,
2077,
2089,
2122,
2140,
2209,
2838,
2844,
2847,
2856,
3074,
3095,
3538,
3711,
3714,
3717,
3736,
4059,
4062,
4075,
4124,
5124,
1041,
1071,
1101,
1116,
1122,
1134,
1146,
1176,
1194,
2038,
2062,
2065,
2068,
2092,
2110,
2143,
2212,
2571,
2826,
2853,
3011,
3571,
3720,
3739,
3805,
3814,
3838,
3841,
4038,
4041,
4081,
1095,
1110,
1125,
1143,
1163,
1173,
1188,
1218,
2056,
2083,
2127,
2130,
2224,
2520,
2553,
2556,
2559,
2562,
2565,
2835,
2850,
3702,
3733,
3745,
3802,
3808,
3811,
3832,
3835,
4032,
4056,
4072,
4078,
4127,
1014,
1068,
1092,
1107,
1140,
1185,
1215,
2032,
2080,
2101,
2107,
2131,
2148,
2523,
2823,
2841,
2868,
3104,
3125,
3574,
3708,
3730,
3742,
3823,
3844,
3859,
4035,
4053,
4088,
4115,
4130,
5069,
1096,
1111,
1144,
1165,
1174,
1189,
1219,
2057,
2084,
2132,
2149,
2521,
2554,
2557,
2560,
2563,
2566,
2842,
2869,
3126,
3575,
3703,
3734,
3746,
3803,
3833,
3845,
4036,
4073,
4116,
4131,
5070,
1012,
1069,
1093,
1108,
1129,
1141,
1186,
1216,
2033,
2081,
2102,
2111,
2128,
2135,
2150,
2225,
2524,
2824,
2836,
2851,
3105,
3709,
3731,
3743,
3806,
3824,
3836,
3860,
4033,
4054,
4057,
4079,
4083,
4085,
4089,
4128,
1067,
1094,
1109,
1142,
1164,
1187,
1217,
2055,
2082,
2134,
2223,
2519,
2552,
2555,
2558,
2561,
2564,
2822,
2834,
3124,
3573,
3704,
3732,
3744,
3807,
3822,
3831,
3834,
4034,
4052,
4077,
4086,
4114,
4126,
5068,
1010,
1091,
1106,
1127,
1139,
1172,
1184,
1214,
2031,
2079,
2100,
2108,
2129,
2133,
2522,
2840,
2849,
2867,
3103,
3713,
3729,
3741,
3801,
3843,
3858,
4031,
4055,
4071,
4084,
4087,
4129,
2147,
2155,
2162,
2186,
3036,
3051,
3060,
3087,
3141,
3210,
3533,
3854,
3985,
3988,
4107,
5003,
5018,
5021,
5024,
5027,
1201,
2158,
3039,
3042,
3063,
3072,
3078,
3123,
3144,
3213,
3857,
4095,
5006,
5033,
2145,
2154,
2161,
2184,
3034,
3049,
3058,
3085,
3121,
3139,
3208,
3855,
3986,
4105,
5001,
5016,
5025,
5031,
1199,
2157,
2160,
3037,
3061,
3070,
3076,
3113,
3142,
3211,
3531,
3852,
4093,
5004,
5019,
5022,
2156,
3035,
3041,
3050,
3059,
3077,
3140,
3209,
3532,
3856,
3987,
4094,
4106,
5005,
5017,
5020,
5023,
1200,
2146,
2159,
2185,
3038,
3062,
3071,
3086,
3122,
3143,
3212,
3853,
5002,
5026,
5032,
1224,
1233,
1242,
2173,
2218,
2248,
2281,
2284,
2302,
2870,
3005,
3053,
3065,
3083,
3127,
3130,
3188,
3568,
3817,
3829,
4090,
5011,
5029,
5038,
5072,
5078,
1221,
1227,
1230,
1236,
1245,
2191,
2233,
2299,
3002,
3032,
3044,
3047,
3056,
3080,
3131,
3820,
3862,
4065,
5008,
5014,
5035,
5062,
5088,
1225,
1234,
1243,
2137,
2174,
2219,
2234,
2303,
2871,
3045,
3054,
3084,
3132,
3189,
3569,
3818,
3821,
4050,
5012,
5036,
5073,
1222,
1228,
1231,
1237,
1246,
2192,
2249,
2282,
2285,
2300,
3006,
3033,
3048,
3057,
3066,
3081,
3114,
3128,
3135,
3830,
3863,
4051,
4066,
4091,
5009,
5015,
5030,
5039,
5063,
5079,
5083,
5089,
1223,
1232,
1241,
2136,
2172,
2232,
2247,
2298,
2872,
3004,
3043,
3052,
3064,
3082,
3112,
3134,
3567,
3819,
4049,
4064,
4092,
5013,
5034,
5037,
5061,
1220,
1226,
1229,
1235,
1244,
2138,
2190,
2217,
2280,
2283,
2301,
3001,
3031,
3040,
3046,
3055,
3079,
3129,
3133,
3187,
3816,
3828,
3861,
5007,
5010,
5028,
5071,
5077,
5087,
3147,
3156,
3162,
4176,
5051,
5057,
5107,
3159,
5054,
5060,
5076,
5082,
5095,
3145,
3154,
5055,
5058,
5080,
5105,
3157,
3160,
4174,
5043,
5049,
5074,
5093,
3155,
3161,
4175,
5053,
5059,
5075,
5094,
5106,
3146,
3158,
5050,
5056,
5081,
1272,
1290,
3149,
3173,
3218,
3224,
3302,
3870,
5041,
5065,
5090,
1281,
2296,
3148,
3191,
3233,
3299,
4047,
4133,
4184,
5047,
5085,
1273,
3137,
3174,
3219,
3234,
3281,
3284,
3303,
3871,
4185,
5042,
5066,
5086,
1282,
1291,
2297,
3150,
3192,
3225,
3282,
3285,
3300,
4048,
4134,
5048,
5091,
1271,
1289,
3136,
3172,
3223,
3232,
3298,
3872,
4046,
4183,
5046,
5064,
5092,
1280,
2295,
3138,
3190,
3217,
3280,
3283,
3301,
4132,
5040,
5052,
5084,
1207,
2177,
2189,
2207,
2216,
2246,
2252,
2294,
2312,
3216,
4110,
5110,
1204,
2153,
2180,
2183,
2231,
2243,
2255,
2291,
2315,
3153,
4113,
4143,
5113,
5143,
1205,
2151,
2175,
2205,
2214,
2241,
2250,
2289,
2313,
3151,
3214,
4108,
4111,
5108,
5111,
1202,
2178,
2181,
2187,
2229,
2244,
2253,
2292,
2310,
4141,
5141,
1206,
2152,
2176,
2215,
2230,
2245,
2254,
2290,
2311,
2314,
3152,
3215,
4112,
4142,
5112,
5142,
1203,
2179,
2182,
2188,
2206,
2242,
2251,
2293,
4109,
5109,
1209,
1248,
2164,
2194,
2197,
2203,
2236,
2239,
2257,
2266,
2278,
2287,
2320,
3164,
3197,
4096,
4121,
4139,
4151,
4157,
4163,
4172,
5096,
5103,
5121,
5127,
5139,
5151,
5157,
5163,
5172,
1212,
1239,
1251,
1275,
2170,
2200,
2227,
2260,
2263,
2269,
2317,
3200,
4097,
4100,
4103,
4136,
4148,
4154,
4160,
4166,
5097,
5100,
5115,
5130,
5136,
5148,
5154,
5160,
5166,
1210,
1249,
2165,
2195,
2198,
2204,
2228,
2258,
2264,
2288,
3165,
3198,
4104,
4122,
4137,
4152,
4155,
4161,
4167,
5104,
5116,
5131,
5137,
5152,
5155,
5161,
5167,
1213,
1240,
1252,
1276,
2171,
2201,
2237,
2240,
2261,
2267,
2270,
2279,
2318,
2321,
3201,
4098,
4101,
4140,
4149,
4158,
4164,
4173,
5098,
5101,
5122,
5128,
5140,
5149,
5158,
5164,
5173,
1208,
1247,
2163,
2193,
2196,
2226,
2238,
2256,
2259,
2262,
2268,
2319,
3163,
3196,
4135,
4147,
4156,
4162,
5114,
5120,
5126,
5135,
5147,
5156,
5162,
1211,
1238,
1250,
1274,
2169,
2199,
2202,
2235,
2265,
2277,
2286,
2316,
3199,
4099,
4102,
4120,
4138,
4150,
4153,
4159,
4165,
4171,
5099,
5102,
5129,
5138,
5150,
5153,
5159,
5165,
5171,
1258,
1297,
1300,
3177,
3183,
3207,
3252,
3312,
1255,
1261,
1294,
3180,
3231,
3255,
3315,
1256,
1295,
1298,
3175,
3181,
3205,
3250,
3313,
1253,
1259,
1292,
3178,
3229,
3253,
3310,
1257,
1296,
1299,
3176,
3182,
3230,
3254,
3311,
1254,
1260,
1293,
3179,
3206,
3251,
3314,
1263,
1269,
1278,
1284,
1287,
3167,
3236,
3239,
3248,
3257,
3266,
3320,
1266,
3170,
3194,
3227,
3260,
3263,
3269,
3278,
3287,
3317,
1264,
1270,
1279,
1285,
1288,
3168,
3203,
3228,
3258,
3264,
3279,
1267,
3171,
3195,
3204,
3237,
3240,
3249,
3261,
3267,
3270,
3288,
3318,
3321,
1262,
1268,
1277,
1283,
1286,
3166,
3226,
3238,
3247,
3256,
3259,
3262,
3268,
3277,
3286,
3319,
1265,
3169,
3193,
3202,
3235,
3265,
3316,
3246,
3243,
3241,
3244,
3245,
3242,
3221,
3272,
3222,
3273,
3220,
3271,
6010,
6011,
6012,
7006,
7010,
7011,
7012,
6001,
6002,
6003,
6006,
7001,
7002,
7003,
6007,
6008,
6009,
7007,
7008,
7009,
5176,
5174,
5175,
3296,
5133,
5184,
5185,
3297,
5134,
5183,
3295,
5132,
3289,
3290,
3294,
4187,
5187,
3291,
3292,
3293,
4186,
4188,
5186,
5188,
4168,
4169,
4190,
5168,
5169,
5190,
4170,
4189,
4191,
5170,
5189,
5191,
2274,
2275,
2276,
2304,
2305,
2306,
3274,
3275,
3276,
3304,
3305,
3306,
4181,
4182,
5181,
5182,
4144,
4145,
4146,
4180,
5144,
5145,
5146,
5180,
